19
18
17
21
8
23
42
37
21
9
14
38
10
19
27
47
13
3
45
13
43
31
15
17
11
50
10
23
7
2
49
23
8
11
44
19
18
14
41
3
6
42
47
6
20
13
10
45
1
9
47
10
28
22
93
10
75
65
64
97
24
22
85
18
65
17
53
79
55
85
8
9
95
14
41
41
62
37
15
17
60
77
60
36
36
32
32
45
55
23
62
39
64
57
7
60
89
70
89
72
84
48
866
15
877
56
94
40
23
54
35
321
21
32
872
56
50
340
6
44
44
67
94
95
68
32
32
57
99
7
589
81
957
67
31
683
19
12
14
2
80
502
88
15
10
739
4
66
24
42
45
88
75
491
48
11
14
14
81
81
63
37
8
47
39
73
73
947
973
42
75
13
207
45
59
11
42
42
15
615
32
151
86
42
2
77
64
87
13
189
89
22
90
88
56
91
53
71
71
68
16
42
6
70
30
17
89
59
13
14
14
87
573
386
9
32
2
46
1
35
46
61
91
3
64
30
76
999
17
86
62
71
471
5
65
76
76
91
9
86
94
75
55
93
24
89
80
86
14
86
86
19
32
87
738
62
44
750
6
98
366
65
67
86
514
164
20
46
60
30
62
62
55
45
84
86
99
1
414
62
893
97
73
739
76
362
17
211
41
25
112
64
66
15
52
76
35
38
129
72
6
11
30
21
9
54
46
94
280
59
84
616
595
745
35
334
114
95
43
12
51
55
84
91
706
2
95
76
76
397
15
927
39
23
77
74
34
440
21
221
45
45
80
16
7
14
283
18
18
839
239
91
91
66
54
37
42
99
836
11
575
54
41
29
94
40
72
72
556
10
854
21
79
15
331
83
32
88
35
50
29
210
65
346
38
44
44
314
79
56
14
77
1
20
581
49
28
725
54
450
53
73
57
79
726
37
79
50
29
879
92
1
55
62
550
95
932
70
97
63
10
214
33
50
834
534
31
31
41
70
71
94
406
43
264
48
53
36
56
85
71
127
79
986
22
74
26
13
47
66
45
63
677
636
59
97
97
23
32
24
654
81
280
598
2
98
286
247
632
39
11
38
32
87
28
24
61
62
82
63
627
73
526
74
23
23
84
37
6
18
45
61
58
63
91
69
60
40
52
118
66
28
872
50
54
96
50
520
30
78
578
242
47
21
68
46
54
55
48
7
93
726
81
8
25
983
255
752
52
83
75
92
29
47
25
66
34
352
92
44
30
321
56
303
58
64
936
118
57
72
49
58
98
54
63
62
8
8
28
51
43
39
46
63
781
256
101
32
985
38
975
538
1
203
25
592
64
664
37
63
34
34
64
536
689
89
13
587
27
573
747
462
15
78
16
99
71
60
125
93
863
71
92
92
8
72
72
23
323
66
139
187
14
42
53
92
87
46
46
12
12
30
75
645
73
44
71
50
15
235
57
426
60
39
96
1
1
3
6
37
766
420
80
42
66
50
58
81
35
365
565
369
6
75
42
8
50
2
81
21
23
80
47
96
50
314
36
97
460
63
103
86
11
43
43
45
55
27
19
92
4
33
98
87
60
66
82
621
44
85
65
67
18
82
9
9
30
44
774
81
49
91
11
92
14
60
81
593
62
38
36
277
90
93
75
59
37
824
73
69
79
241
27
726
5
82
98
513
55
18
41
92
52
8
784
90
4
56
98
667
12
73
21
821
149
6
25
21
53
46
19
12
569
99
90
65
36
302
37
37
388
88
61
16
14
85
16
602
698
57
43
56
80
76
71
601
4
69
5
115
21
74
23
68
23
63
41
18
18
784
26
38
48
98
91
62
73
811
39
72
97
93
935
45
31
36
95
51
15
36
410
805
5
86
86
71
371
43
10
61
59
11
34
11
93
18
58
79
588
233
9
91
496
4
92
40
1
828
85
61
66
998
83
64
45
71
32
42
653
49
79
92
15
6
6
45
194
29
78
76
76
37
359
5
17
92
957
62
8
11
78
11
457
57
72
5
52
51
14
48
460
617
80
154
68
57
357
32
32
52
48
467
12
855
51
49
90
90
73
40
91
32
10
88
46
851
683
7
649
313
544
75
92
9
198
97
61
61
53
68
65
685
99
55
12
51
89
5
35
64
98
97
453
53
37
40
5
54
42
45
3
12
83
181
44
4
62
7
49
46
36
72
90
98
2
73
79
548
696
4
347
47
89
11
572
22
94
885
15
62
76
70
830
61
41
24
93
31
63
51
821
24
47
41
42
970
77
32
68
49
251
49
49
63
37
43
36
51
58
86
549
9
36
996
56
28
76
38
22
12
974
68
22
2
7
731
660
132
46
24
88
13
59
66
55
364
75
806
6
98
65
28
39
468
58
328
610
8
181
51
39
7
44
67
9
62
427
81
88
25
33
68
388
420
76
25
325
13
14
7
166
50
24
54
72
14
179
759
634
55
89
34
61
67
8
395
10
77
18
71
596
690
78
73
93
376
59
64
382
88
33
39
43
57
28
57
52
416
65
99
62
45
41
682
43
91
98
89
75
25
79
571
8
1
99
76
76
60
10
40
82
92
21
91
88
264
58
83
779
286
15
63
53
587
66
88
15
64
35
84
59
74
33
71
953
25
7
470
112
73
8
51
10
76
56
10
788
499
80
58
327
49
49
74
74
633
15
948
48
47
153
40
3
63
86
59
95
8
36
57
98
93
17
79
96
95
99
87
687
63
63
79
21
156
31
38
826
51
75
69
95
25
24
99
12
89
5
95
59
86
44
51
3
19
687
987
970
92
66
56
36
32
46
64
60
74
53
22
25
3
83
86
81
65
81
33
830
829
65
36
72
4
304
71
28
395
899
296
35
70
30
24
76
33
33
411
1
79
89
29
17
12
13
265
111
18
455
15
63
21
454
23
16
89
95
17
517
60
6
854
35
35
23
823
36
92
38
99
37
928
69
31
81
79
76
87
80
97
26
276
81
69
69
17
91
87
812
20
14
14
69
9
40
8
462
62
92
92
87
69
74
92
92
893
91
86
51
91
47
48
72
360
46
823
367
33
57
879
48
38
54
30
32
791
663
26
828
26
6
92
35
53
34
41
55
266
90
89
99
38
38
95
9
163
26
23
820
20
563
64
30
48
317
58
47
89
66
90
48
5
447
37
69
68
912
905
78
36
91
75
25
797
77
83
90
827
64
36
18
14
64
60
364
986
78
579
43
479
43
4
96
68
171
53
946
43
997
62
38
3
777
80
61
341
39
563
118
37
47
92
21
54
76
252
997
23
1
22
73
5
478
884
16
99
71
57
28
88
93
8
5
52
59
88
55
55
12
22
74
404
61
461
236
92
28
57
42
510
80
97
79
621
45
11
98
64
979
21
21
15
94
82
24
98
98
72
72
9
9
30
9
39
669
69
84
84
87
11
76
906
421
27
655
10
35
713
69
90
54
32
32
56
211
33
3
53
11
610
38
13
29
9
80
42
45
73
423
11
10
32
95
83
12
9
92
63
74
11
31
270
164
863
62
61
886
60
35
38
316
715
15
64
79
44
26
64
95
83
185
56
94
783
372
72
11
89
757
87
44
58
90
32
28
74
42
4
971
89
982
71
71
5
14
81
82
82
72
91
13
24
10
90
74
90
84
59
59
19
990
896
95
88
48
240
147
53
3
44
53
993
167
47
13
82
61
88
91
2
652
54
32
93
139
6
94
21
59
72
23
3
86
62
37
57
90
37
72
65
58
47
24
51
83
14
781
98
89
83
20
25
84
10
45
70
24
36
88
40
40
406
65
2
39
29
71
86
444
52
90
79
237
14
93
88
19
838
48
77
646
59
28
27
73
81
46
28
69
32
33
58
86
41
622
84
3
949
78
72
94
70
330
67
67
89
63
43
28
33
6
306
34
61
29
2
66
666
18
33
41
956
65
66
43
73
9
21
68
5
31
60
522
60
212
56
83
80
8
33
75
48
498
29
71
8
61
18
49
93
8
985
21
35
33
53
82
82
48
2
430
379
1
29
29
52
52
94
34
11
5
799
342
3
855
55
59
59
744
974
70
14
1
85
356
36
360
32
59
659
20
33
461
87
85
346
35
35
14
5
5
4
9
81
76
148
61
37
5
57
48
17
72
55
79
5
74
2
2
56
79
362
85
407
207
1
94
93
18
41
2
621
82
37
88
485
52
11
11
57
30
87
64
19
10
67
40
31
31
3
29
68
15
15
470
49
581
5
54
91
855
87
3
447
380
844
45
77
24
536
11
96
45
98
469
18
46
3
75
658
52
69
3
3
4
967
29
490
906
89
10
35
38
3
28
18
231
54
18
20
268
607
25
96
4
51
49
44
66
791
55
32
37
7
45
55
61
647
33
16
3
97
485
22
40
83
550
91
58
46
66
95
575
54
53
99
92
91
768
88
55
45
45
99
99
316
16
32
68
46
865
48
42
79
609
9
85
15
36
36
58
58
720
46
473
793
32
68
14
66
80
12
77
68
39
12
94
60
25
27
2
66
57
49
21
23
84
5
23
388
30
902
71
73
146
508
46
1
67
32
56
780
3
303
13
526
35
78
43
43
530
30
12
41
81
48
64
98
53
28
86
76
63
70
78
984
503
470
98
92
77
2
35
65
53
53
68
68
880
40
471
55
49
10
52
38
584
256
63
65
235
8
88
20
58
69
73
98
70
532
50
86
861
29
59
531
88
50
739
99
121
55
108
69
383
72
40
13
47
80
680
3
97
343
57
56
65
511
58
46
92
54
46
952
57
91
60
60
31
69
68
480
80
72
98
454
60
168
32
588
17
54
37
316
77
5
66
317
17
784
60
609
92
675
80
80
7
507
81
42
977
35
65
40
644
99
4
19
534
26
24
19
11
560
53
36
28
845
51
15
95
95
80
80
24
76
63
99
36
28
70
363
79
27
27
26
24
471
79
70
289
341
107
7
672
965
2
71
44
22
36
30
25
56
454
54
635
4
32
47
11
34
92
80
80
540
84
42
556
57
999
63
13
13
48
889
10
190
72
28
95
59
89
20
30
29
823
79
62
77
915
14
619
507
12
94
64
3
45
2
93
528
34
20
21
612
7
34
956
77
56
948
45
9
346
97
3
72
71
57
93
83
90
99
399
9
976
885
48
93
56
97
61
39
37
63
633
67
54
46
42
17
425
645
55
31
94
788
87
85
15
264
565
601
33
53
81
67
661
39
64
561
61
736
57
76
71
22
28
8
719
3
51
277
33
74
41
67
33
70
830
14
94
92
38
762
5
24
638
67
90
457
43
314
50
50
157
43
84
6
90
29
39
59
22
58
83
72
12
5
6
58
50
15
20
6
43
60
803
907
7
47
52
95
768
32
69
221
33
123
21
666
808
63
4
58
53
9
39
34
19
28
227
652
269
75
95
26
12
65
73
86
45
98
105
17
83
17
83
75
75
5
5
5
65
3
568
171
90
86
21
79
41
59
37
32
618
13
84
30
715
71
9
8
39
62
57
38
29
90
50
69
887
94
473
41
68
419
23
96
34
40
43
63
473
856
60
69
573
954
73
17
45
72
14
243
29
27
73
30
787
93
52
13
15
27
27
69
31
93
7
37
17
82
98
34
166
33
33
307
78
16
142
65
676
259
53
51
55
34
88
11
33
88
10
98
30
29
573
12
358
12
46
16
19
479
634
40
93
57
54
701
927
792
74
52
48
62
831
93
95
95
641
28
231
83
17
42
49
7
25
24
9
833
23
92
57
8
27
96
75
589
149
11
632
31
53
27
927
468
13
55
92
592
52
16
636
55
30
31
84
25
30
41
736
621
21
94
616
16
74
84
5
21
64
75
89
61
7
26
6
7
547
61
94
13
9
949
16
86
28
42
34
64
54
942
48
18
40
24
55
53
74
88
9
27
95
88
54
80
19
947
81
36
886
88
94
6
28
491
36
363
7
70
50
149
641
59
992
93
5
98
2
456
10
874
16
58
74
61
39
267
160
827
45
78
97
39
70
42
68
49
94
62
406
38
44
76
95
305
42
82
74
49
46
37
42
10
8
22
655
595
48
36
420
16
284
84
79
522
59
540
18
818
46
60
28
45
762
70
745
80
668
39
30
72
21
92
24
32
984
90
26
6
57
78
50
15
511
55
86
17
12
84
3
32
717
451
2
302
689
89
663
28
35
25
46
91
79
33
74
359
29
124
92
4
85
15
875
24
1
93
7
63
72
35
18
54
17
81
34
83
561
224
79
157
32
17
49
16
71
13
744
44
42
30
19
81
52
79
473
55
4
61
8
41
50
20
11
57
3
60
97
79
43
92
18
39
65
305
647
53
41
59
32
932
780
48
68
4
27
20
49
39
151
58
716
84
419
19
131
14
262
632
75
95
95
85
46
542
11
77
48
387
62
32
366
39
759
12
757
80
36
78
744
69
510
76
49
75
48
79
221
12
88
88
875
36
32
67
9
9
86
856
70
62
638
22
78
391
86
705
29
71
888
92
70
66
81
97
44
87
893
38
437
63
81
62
19
81
738
682
55
86
44
74
46
68
639
61
39
567
98
88
14
98
36
57
219
24
76
85
26
81
8
656
50
28
93
885
86
14
74
74
53
41
50
5
72
474
15
30
20
99
19
963
70
2
47
66
73
6
50
63
148
52
26
226
47
860
93
5
36
59
27
42
53
436
32
73
94
33
51
53
74
76
78
22
31
69
87
10
923
35
65
73
27
26
974
75
26
99
31
31
38
85
453
7
59
66
98
65
37
53
53
145
98
35
37
38
53
20
93
741
29
72
65
25
222
761
78
6
214
39
69
48
17
42
43
25
25
94
78
93
75
57
830
97
68
74
974
81
19
226
74
97
97
46
87
19
40
63
969
68
10
17
27
460
45
125
19
71
62
9
38
38
429
6
94
87
66
56
97
96
31
555
18
64
16
79
44
7
30
99
71
12
81
20
189
78
39
54
31
28
63
20
361
87
6
105
86
158
42
50
76
409
16
49
39
39
571
71
62
16
83
62
3
2
93
745
62
47
53
81
119
52
248
853
52
826
69
96
36
760
95
38
49
6
48
948
28
72
37
89
751
25
4
304
41
65
91
52
19
83
64
47
84
84
19
881
628
43
52
33
635
77
88
143
32
25
98
33
78
85
64
44
52
231
37
31
25
785
15
43
143
16
410
26
28
36
92
33
39
89
8
497
66
66
93
93
11
11
789
41
52
56
44
9
9
43
7
50
368
3
71
69
841
575
69
66
111
93
18
71
482
911
24
56
23
9
12
12
294
644
883
108
35
78
428
95
65
74
26
45
40
97
620
22
253
47
225
75
44
52
8
809
35
40
6
29
40
884
213
87
63
11
283
74
80
35
76
70
19
99
73
276
52
86
41
22
181
942
80
56
64
61
707
78
132
65
61
36
40
877
177
890
310
81
81
8
80
44
56
52
13
619
94
71
66
82
40
49
59
59
44
67
88
17
18
739
39
12
54
6
966
12
9
71
83
79
57
47
5
76
15
174
68
41
341
60
66
933
429
12
59
859
36
88
20
4
112
306
47
33
41
637
23
23
507
881
601
31
80
378
76
24
22
3
88
585
31
36
67
33
43
876
47
53
79
73
27
65
99
881
72
41
59
88
36
84
757
655
318
98
92
892
62
14
48
6
92
98
982
35
22
94
93
1
45
13
33
42
525
94
961
528
58
91
519
81
67
77
57
815
435
973
73
58
16
80
454
85
15
50
550
15
82
708
962
948
291
13
13
839
235
48
56
3
16
59
378
641
15
797
62
785
7
74
564
275
51
32
3
83
64
830
23
76
36
73
6
23
311
246
673
30
72
32
68
616
711
61
486
810
71
54
5
41
67
23
66
19
19
81
12
65
697
13
55
73
31
396
4
12
180
78
110
57
43
2
212
398
288
796
81
14
77
17
81
570
92
94
95
613
92
140
520
91
65
54
74
81
70
75
35
783
22
38
80
84
93
5
91
41
84
34
23
15
28
64
997
25
98
23
4
188
685
824
30
89
74
52
50
65
536
19
356
56
10
218
22
24
37
44
20
90
148
64
6
880
47
97
78
54
23
24
4
97
53
44
17
86
72
23
5
72
27
41
84
536
84
7
7
691
91
56
52
130
97
36
15
2
89
38
73
692
54
946
97
13
92
844
62
96
28
85
83
695
35
18
48
69
86
83
80
71
652
239
52
948
48
62
39
14
43
68
44
56
79
879
6
63
592
20
73
94
18
73
38
87
98
78
19
19
62
22
67
64
14
401
14
76
90
65
531
158
92
12
99
45
42
14
10
25
65
60
5
65
21
29
15
38
6
670
67
92
75
88
5
198
453
68
20
88
779
28
89
3
25
25
23
23
59
564
776
52
67
83
38
79
29
97
874
70
10
98
603
60
41
88
810
95
9
96
67
495
538
47
62
50
22
86
67
52
55
93
272
90
90
52
94
906
55
92
723
14
88
88
96
63
741
81
43
97
79
154
15
39
92
207
31
2
70
19
14
62
844
73
754
29
36
597
46
65
75
61
80
553
57
12
98
73
57
32
41
31
65
5
342
79
85
91
76
56
44
84
390
21
132
7
97
46
6
23
227
72
55
33
331
98
85
3
534
12
66
69
78
17
50
31
17
19
481
23
23
86
49
776
84
47
71
3
33
33
414
746
75
93
320
20
43
104
761
189
99
90
60
6
93
59
88
88
806
18
623
99
44
56
5
24
19
30
30
68
22
46
665
35
50
33
21
96
45
84
29
66
66
275
46
71
74
1
10
618
29
93
59
62
391
48
56
17
83
17
34
42
79
76
6
93
22
17
83
87
87
51
51
580
40
62
98
756
95
18
59
593
354
99
24
93
35
4
794
2
59
8
2
43
57
88
41
77
68
189
32
78
28
88
948
40
67
88
90
99
17
451
53
434
72
9
27
32
602
73
78
26
66
84
84
16
84
215
557
328
503
494
92
61
486
15
54
746
59
97
99
73
62
80
456
18
78
95
83
10
21
45
21
50
60
85
282
33
77
17
21
19
139
61
728
470
650
2
53
26
62
605
26
610
38
50
3
73
78
65
16
81
23
71
22
26
82
88
2
744
72
22
84
184
83
25
58
57
5
48
60
40
40
81
66
55
95
584
11
79
80
22
111
38
26
34
34
45
950
44
49
801
99
50
35
68
12
998
80
13
99
67
32
667
33
19
119
36
15
21
15
66
20
169
17
83
1
99
72
72
82
66
48
47
53
20
47
46
681
8
43
35
59
53
48
55
94
48
67
67
60
58
57
38
38
51
86
55
85
69
63
4
2
91
720
449
56
113
50
62
45
43
60
826
13
5
48
740
3
84
79
81
83
52
6
855
59
54
42
58
55
45
99
99
26
841
11
50
741
285
72
57
4
12
32
28
55
868
22
7
41
30
31
31
422
54
20
23
19
197
18
60
87
11
553
10
38
38
10
568
939
317
957
8
11
61
15
1
11
82
30
13
35
27
36
356
58
9
74
71
370
13
95
637
47
553
25
25
90
83
793
22
681
59
57
2
81
40
116
26
218
90
2
580
92
15
95
90
9
156
153
959
83
56
80
37
99
64
36
67
35
32
49
49
30
30
37
31
68
54
20
95
4
449
9
59
76
92
77
23
78
70
336
36
88
85
27
856
49
526
15
568
10
53
4
29
26
84
41
217
960
93
29
4
29
77
55
5
37
5
19
53
32
235
3
95
5
8
52
10
934
12
88
225
25
93
638
31
86
53
49
38
39
511
7
20
44
17
382
89
76
443
308
627
19
49
31
17
87
7
524
3
12
92
96
23
23
91
23
25
632
95
65
19
78
22
44
55
92
37
81
35
8
27
88
846
61
8
16
69
31
186
84
515
44
71
62
62
32
68
92
75
167
83
1
34
34
3
41
64
26
29
29
465
135
44
3
38
85
29
44
27
9
91
621
79
46
599
4
944
403
18
18
35
419
348
94
113
735
25
98
82
32
12
61
30
32
82
32
84
70
30
38
31
48
37
11
81
54
59
17
90
406
54
90
10
34
29
63
17
90
81
62
50
231
31
26
76
38
12
528
3
84
85
71
59
339
49
18
26
56
22
48
89
26
67
62
38
343
43
57
3
254
96
504
14
41
91
864
14
197
15
32
35
8
97
24
69
31
97
143
698
81
637
31
45
329
50
98
559
2
63
92
37
59
161
2
62
48
43
705
48
77
77
74
64
62
23
86
75
22
31
73
59
28
70
43
30
56
44
11
36
21
54
85
89
274
31
569
87
70
257
427
52
25
88
88
49
66
15
14
93
9
70
46
187
77
884
23
85
75
16
21
15
485
36
64
47
53
94
46
40
19
688
93
999
90
59
5
73
92
7
85
29
97
7
33
81
40
63
13
83
12
36
5
36
13
88
20
30
99
76
47
69
31
50
35
52
26
37
83
48
48
17
18
82
78
45
33
55
85
3
63
79
4
45
99
40
4
40
18
41
7
38
13
44
42
44
14
9
9
33
30
22
43
20
23
4
2
13
14
19
35
2
15
33
47
24
36
37
38
33
48
11
3
25
26
12
43
26
3
8
44
38
31
35
43
